1.57799983025,100
1.7650001049,200
2.01300001144,300
2.15600013733,400
2.27999997139,500
2.42899990082,600
2.56200003624,700
2.73300004005,800
2.82699990273,900
2.98399996758,1000
3.117000103,1100
3.21799993515,1200
3.34299993515,1300
3.48299980164,1400
3.59200000763,1500
3.68600010872,1600
3.87399983406,1700
3.90499997139,1800
4.06100010872,1900
4.10800004005,2000
4.26399993896,2100
4.38999986649,2200
4.42800021172,2300
4.54499983788,2400
4.71700000763,2500
4.74900007248,2600
4.75300002098,2700
4.88899993896,2800
5.09599995613,2900
5.21799993515,3000
5.29600000381,3100
5.22099995613,3200
5.20199990273,3300
5.26499986649,3400
5.46799993515,3500
5.60800004005,3600
5.8259999752,3700
5.84299993515,3800
5.77999997139,3900
5.72000002861,4000
5.71800017357,4100
5.68600010872,4200
5.74799990654,4300
5.82500004768,4400
6.20899987221,4500
6.15199995041,4600
6.367000103,4700
6.8029999733,4800
6.61599993706,4900
6.48200011253,5000
6.48300004005,5100
6.40400004387,5200
7.4960000515,5300
8.625,5400
7.93099999428,5500
7.59900021553,5600
6.46700000763,5700
6.19200015068,5800
7.22399997711,5900
6.5,6000
6.29200005531,6100
6.63899993896,6200
6.65299987793,6300
6.92700004578,6400
6.97699999809,6500
7.72699999809,6600
9.71500015259,6700
7.88400006294,6800
8.02600002289,6900
7.25899982452,7000
8.20300006866,7100
8.1779999733,7200
7.57899999619,7300
7.64800000191,7400
7.58100008965,7500
7.39700007439,7600
7.24800014496,7700
7.11800003052,7800
7.02900004387,7900
6.88800001144,8000
6.82700014114,8100
6.65400004387,8200
6.59200000763,8300
6.54500007629,8400
6.4279999733,8500
6.34200000763,8600
6.26399993896,8700
6.13899993896,8800
6.10799980164,8900
6.0609998703,9000
5.96700000763,9100
5.8710000515,9200
5.84300017357,9300
5.84200000763,9400
5.74899983406,9500
5.68600010872,9600
5.60800004005,9700
5.56200003624,9800
5.53299999237,9900
5.56299996376,10000
5.48699998856,10100
5.59200000763,10200
5.65499997139,10300
5.8109998703,10400
5.85800004005,10500
5.90400004387,10600
5.98300004005,10700
6.04999995232,10800
6.09299993515,10900
6.15499997139,11000
6.23300004005,11100
6.34200000763,11200
6.3259999752,11300
6.42100000381,11400
6.51200008392,11500
6.49799990654,11600
6.54500007629,11700
6.60800004005,11800
6.59200000763,11900
6.65400004387,12000
6.6859998703,12100
6.70499992371,12200
6.77899980545,12300
6.77999997139,12400
6.78000020981,12500
6.87299990654,12600
6.85700011253,12700
6.88899993896,12800
6.85799980164,12900
6.94000005722,13000
6.91999983788,13100
6.92100000381,13200
6.93600010872,13300
6.9359998703,13400
6.97000002861,13500
6.9509999752,13600
6.96700000763,13700
6.96700000763,13800
7.06100010872,13900
7.01399993896,14000
6.96799993515,14100
7.00200009346,14200
6.96700000763,14300
6.95100021362,14400
6.92700004578,14500
6.90499997139,14600
6.95199990273,14700
6.93699979782,14800
6.92100000381,14900
6.87299990654,15000
6.9359998703,15100
6.88900017738,15200
6.74800014496,15300
6.7009999752,15400
6.54499983788,15500
6.51399993896,15600
6.42000007629,15700
6.41999983788,15800
6.23299980164,15900
6.17100000381,16000
6.12299990654,16100
6.0490000248,16200
5.9359998703,16300
5.92100000381,16400
5.81200003624,16500
5.71700000763,16600
5.71700000763,16700
5.60800004005,16800
5.52999997139,16900
5.49300003052,17000
5.37300014496,17100
5.34299993515,17200
5.31100010872,17300
5.20200014114,17400
5.18499994278,17500
5.10800004005,17600
5.28000020981,17700
4.96700000763,17800
4.84299993515,17900
4.85900020599,18000
4.74800014496,18100
4.6859998703,18200
4.65499997139,18300
4.62399983406,18400
4.52999997139,18500
4.48300004005,18600
4.40499997139,18700
4.34699988365,18800
4.2650001049,18900
4.2009999752,19000
4.15499997139,19100
4.09299993515,19200
4.07700014114,19300
3.98300004005,19400
3.92100000381,19500
3.90499997139,19600
3.82699990273,19700
3.78000020981,19800
3.71300005913,19900
3.70200014114,20000
3.60800004005,20100
3.52999997139,20200
3.5150001049,20300
3.45200014114,20400
3.40499997139,20500
3.34300017357,20600
3.26499986649,20700
3.21800017357,20800
3.13899993896,20900
3.10899996758,21000
3.07699990273,21100
3.02999997139,21200
2.93600010872,21300
2.95300006866,21400
2.90599989891,21500
2.84399986267,21600
2.88899993896,21700
2.79600000381,21800
2.72499990463,21900
2.59300017357,22000
2.56900000572,22100
2.61000013351,22200
2.52699995041,22300
2.46000003815,22400
2.375,22500
2.3900001049,22600
2.29600000381,22700
2.24899983406,22800
2.23399996758,22900
2.15799999237,23000
2.09299993515,23100
2.07699990273,23200
2.06200003624,23300
1.96900010109,23400
1.95200014114,23500
1.90499997139,23600
1.8900001049,23700
1.82800006866,23800
1.76499986649,23900
1.77999997139,24000
1.73399996758,24100
1.70299983025,24200
1.70300006866,24300
1.62400007248,24400
1.60899996758,24500
1.59400010109,24600
1.54700016975,24700
1.5150001049,24800
1.48399996758,24900
1.46799993515,25000
1.45299983025,25100
1.42199993134,25200
1.39100003242,25300
1.34400010109,25400
1.34399986267,25500
1.32399988174,25600
1.28100013733,25700
1.25,25800
1.20300006866,25900
1.21899986267,26000
1.17199993134,26100
1.15600013733,26200
1.15600013733,26300
1.13999986649,26400
1.10899996758,26500
1.09299993515,26600
1.06200003624,26700
1.04699993134,26800
1.0,26900
0.968000173569,27000
0.983999967575,27100
0.983999967575,27200
0.93700003624,27300
0.906000137329,27400
0.906000137329,27500
0.875,27600
0.860000133514,27700
0.844000101089,27800
0.844000101089,27900
0.81200003624,28000
0.828000068665,28100
0.81299996376,28200
0.780999898911,28300
0.796999931335,28400
0.766000032425,28500
0.75,28600
0.75,28700
0.718999862671,28800
0.733999967575,28900
0.733999967575,29000
0.703000068665,29100
0.733999967575,29200
0.734999895096,29300
0.702999830246,29400
0.702999830246,29500
