0.0,10
0.0,20
0.0,30
0.0,40
0.0,50
0.0160000324249,60
0.0,70
0.0,80
0.0150001049042,90
0.0,100
0.0,110
0.0159997940063,120
0.0,130
0.0160000324249,140
0.0,150
0.0150001049042,160
0.0160000324249,170
0.0,180
0.0,190
0.0149998664856,200
0.0,210
0.0159997940063,220
0.0160000324249,230
0.0160000324249,240
0.0249998569489,250
0.0160000324249,260
0.0309998989105,270
0.0320000648499,280
0.0309998989105,290
0.0310001373291,300
0.0309998989105,310
0.0320000648499,320
0.0320000648499,330
0.0310001373291,340
0.0469999313354,350
0.0469999313354,360
0.0469999313354,370
0.0469999313354,380
0.047000169754,390
0.0469999313354,400
0.0780000686646,410
0.0780000686646,420
0.0940001010895,430
0.0579998493195,440
0.0930001735687,450
0.0620000362396,460
0.0629999637604,470
0.0780000686646,480
0.0780000686646,490
0.0780000686646,500
0.0780000686646,510
0.0720000267029,520
0.0769999027252,530
0.0929999351501,540
0.0929999351501,550
0.110000133514,560
0.0940001010895,570
0.0929999351501,580
0.140000104904,590
0.125,600
0.108999967575,610
0.108999967575,620
0.140000104904,630
0.125,640
0.140999794006,650
0.125,660
0.141999959946,670
0.141000032425,680
0.155999898911,690
0.156000137329,700
0.155999898911,710
0.172000169754,720
0.172999858856,730
0.182000160217,740
0.190999984741,750
0.203000068665,760
0.18700003624,770
0.18799996376,780
0.219000101089,790
0.201999902725,800
0.203000068665,810
0.195999860764,820
0.235000133514,830
0.233999967575,840
0.25,850
0.25,860
0.265000104904,870
0.25,880
0.265000104904,890
0.264999866486,900
0.265000104904,910
0.280999898911,920
0.296999931335,930
0.296000003815,940
0.281000137329,950
0.298000097275,960
0.31200003624,970
0.328000068665,980
0.328000068665,990
0.326999902725,1000
0.342000007629,1010
0.358999967575,1020
0.34299993515,1030
0.375,1040
0.375,1050
0.359000205994,1060
0.361000061035,1070
0.390000104904,1080
0.383000135422,1090
0.405999898911,1100
0.398999929428,1110
0.390000104904,1120
0.421999931335,1130
0.43700003624,1140
0.43799996376,1150
0.452999830246,1160
0.452999830246,1170
0.484999895096,1180
0.484999895096,1190
0.503999948502,1200
0.483999967575,1210
0.49799990654,1220
0.5,1230
0.514999866486,1240
0.516000032425,1250
0.530999898911,1260
0.530999898911,1270
0.56299996376,1280
0.578000068665,1290
0.600000143051,1300
0.586999893188,1310
0.609999895096,1320
0.612999916077,1330
0.572999954224,1340
0.608999967575,1350
0.623999834061,1360
0.626000165939,1370
0.641000032425,1380
0.625999927521,1390
0.65499997139,1400
0.662999868393,1410
0.666000127792,1420
0.671000003815,1430
0.71799993515,1440
0.733999967575,1450
0.72000002861,1460
0.734999895096,1470
0.765999794006,1480
0.780999898911,1490
0.781000137329,1500
0.781999826431,1510
0.8109998703,1520
0.784999847412,1530
0.796999931335,1540
0.80999994278,1550
0.858000040054,1560
0.858999967575,1570
0.857999801636,1580
0.845999956131,1590
0.889999866486,1600
0.859999895096,1610
0.919000148773,1620
0.921999931335,1630
0.93799996376,1640
0.96799993515,1650
0.951999902725,1660
0.953000068665,1670
0.983999967575,1680
0.980000019073,1690
1.03699994087,1700
1.02800011635,1710
1.03100013733,1720
1.04699993134,1730
1.07700014114,1740
1.09200000763,1750
1.08500003815,1760
1.10299992561,1770
1.10899996758,1780
1.12599992752,1790
1.12400007248,1800
1.13999986649,1810
1.15499997139,1820
1.22200012207,1830
1.19900012016,1840
1.20399999619,1850
1.23399996758,1860
1.21800017357,1870
1.23600006104,1880
1.29699993134,1890
1.33500003815,1900
1.30099987984,1910
1.28700017929,1920
1.34299993515,1930
1.34500002861,1940
1.36800003052,1950
1.34799981117,1960
1.42200016975,1970
1.42200016975,1980
1.42200016975,1990
1.45499992371,2000
1.46899986267,2010
1.46799993515,2020
1.51600003242,2030
1.46900010109,2040
1.51499986649,2050
1.5,2060
1.54800009727,2070
1.5680000782,2080
1.65000009537,2090
1.64100003242,2100
1.59899997711,2110
1.66499996185,2120
1.65700006485,2130
1.68700003624,2140
1.68799996376,2150
1.71899986267,2160
1.75,2170
1.71700000763,2180
1.72000002861,2190
1.77999997139,2200
1.79700016975,2210
1.78299999237,2220
1.85100007057,2230
1.88499999046,2240
1.90300011635,2250
1.84599995613,2260
1.93799996376,2270
1.90599989891,2280
1.95499992371,2290
1.93699979782,2300
1.98399996758,2310
2.0150001049,2320
2.03900003433,2330
2.04100012779,2340
2.12299990654,2350
2.09899997711,2360
2.10900020599,2370
2.14199995995,2380
2.1099998951,2390
2.17499995232,2400
2.13700008392,2410
2.20200014114,2420
2.26499986649,2430
2.21800017357,2440
2.28099989891,2450
2.26499986649,2460
2.35899996758,2470
2.29800009727,2480
2.40599989891,2490
2.40499997139,2500
2.40700006485,2510
2.45300006866,2520
2.48399996758,2530
2.40100002289,2540
2.47399997711,2550
2.51600003242,2560
2.54699993134,2570
2.49900007248,2580
2.57899999619,2590
2.58399987221,2600
2.64499998093,2610
2.59000015259,2620
2.68700003624,2630
2.70200014114,2640
2.71900010109,2650
2.76600003242,2660
2.76399993896,2670
2.89200019836,2680
2.82699990273,2690
2.875,2700
2.98500013351,2710
2.87600016594,2720
2.87399983406,2730
2.89100003242,2740
2.88999986649,2750
2.92100000381,2760
2.9889998436,2770
2.96399998665,2780
3.03099989891,2790
3.01499986649,2800
3.04800009727,2810
3.1099998951,2820
3.12800002098,2830
3.11100006104,2840
3.10800004005,2850
3.26699995995,2860
3.21799993515,2870
3.23599982262,2880
3.34100008011,2890
3.2990000248,2900
3.38300013542,2910
3.42900013924,2920
3.32699990273,2930
3.43699979782,2940
3.4849998951,2950
3.52699995041,2960
3.49199986458,2970
3.56200003624,2980
3.54699993134,2990
3.54699993134,3000
3.56299996376,3010
3.67199993134,3020
3.67100000381,3030
3.65499997139,3040
3.73500013351,3050
3.71799993515,3060
3.81300020218,3070
3.74900007248,3080
3.82899999619,3090
3.82800006866,3100
3.86000013351,3110
3.98699998856,3120
3.875,3130
3.92100000381,3140
4.03099989891,3150
4.06200003624,3160
4.03199982643,3170
3.96799993515,3180
4.09700012207,3190
4.25900006294,3200
4.15600013733,3210
4.21899986267,3220
4.28100013733,3230
4.29799985886,3240
4.34299993515,3250
4.29699993134,3260
4.41400003433,3270
4.48399996758,3280
4.67299985886,3290
4.5150001049,3300
4.51600003242,3310
4.48700022697,3320
4.57699990273,3330
4.62700009346,3340
4.55999994278,3350
4.6130001545,3360
4.66900014877,3370
4.67199993134,3380
4.73399996758,3390
4.68799996376,3400
4.82700014114,3410
4.78399991989,3420
4.90599989891,3430
4.93799996376,3440
4.95399999619,3450
4.93700003624,3460
4.94799995422,3470
5.05000019073,3480
5.09300017357,3490
5.15600013733,3500
5.09500002861,3510
5.10800004005,3520
5.29699993134,3530
5.23399996758,3540
5.28100013733,3550
5.28900003433,3560
5.33899998665,3570
5.3180000782,3580
5.4359998703,3590
5.40600013733,3600
5.45299983025,3610
5.46899986267,3620
5.48500013351,3630
5.45199990273,3640
5.73600006104,3650
5.68700003624,3660
5.81299996376,3670
5.90700006485,3680
5.81200003624,3690
5.88900017738,3700
5.95499992371,3710
5.8900001049,3720
5.98399996758,3730
6.10899996758,3740
6.09500002861,3750
6.18799996376,3760
6.09200000763,3770
6.14100003242,3780
6.15599989891,3790
6.32899999619,3800
6.37599992752,3810
6.46700000763,3820
6.29600000381,3830
6.39200019836,3840
6.375,3850
6.5,3860
6.54699993134,3870
6.59599995613,3880
6.43499994278,3890
6.62399983406,3900
6.59299993515,3910
6.64100003242,3920
6.61000013351,3930
6.70399999619,3940
6.71399998665,3950
6.8900001049,3960
7.05900001526,3970
7.15199995041,3980
7.08999991417,3990
6.92199993134,4000
7.125,4010
7.06200003624,4020
7.24899983406,4030
7.32800006866,4040
7.26499986649,4050
7.26600003242,4060
7.18700003624,4070
7.40599989891,4080
7.36100006104,4090
7.54600000381,4100
7.4849998951,4110
7.51699995995,4120
7.53700017929,4130
7.47599983215,4140
7.57700014114,4150
7.66600012779,4160
7.9279999733,4170
7.70399999619,4180
7.89099979401,4190
7.85800004005,4200
7.79600000381,4210
7.81299996376,4220
7.91999983788,4230
8.125,4240
8.15599989891,4250
8.48600006104,4260
8.09500002861,4270
8.32199978828,4280
8.28200006485,4290
8.26600003242,4300
8.3109998703,4310
8.41399979591,4320
8.46000003815,4330
8.53200006485,4340
8.54600000381,4350
8.53200006485,4360
8.66999983788,4370
8.75,4380
8.92899990082,4390
9.0,4400
8.74899983406,4410
8.82899999619,4420
8.93799996376,4430
8.95399999619,4440
9.01499986649,4450
9.04700016975,4460
9.13899993896,4470
9.1890001297,4480
9.21799993515,4490
9.2650001049,4500
9.20299983025,4510
9.34500002861,4520
9.35800004005,4530
9.45200014114,4540
9.51600003242,4550
9.57800006866,4560
9.64099979401,4570
9.43699979782,4580
9.67199993134,4590
9.62300014496,4600
9.78100013733,4610
9.87599992752,4620
9.72300004959,4630
9.79299998283,4640
9.95200014114,4650
10.3129999638,4660
10.2339999676,4670
10.2039999962,4680
10.128000021,4690
10.2939999104,4700
10.5780000687,4710
10.4040000439,4720
10.5179998875,4730
10.4059998989,4740
10.5460000038,4750
10.6930000782,4760
10.5950000286,4770
10.8580000401,4780
10.75,4790
10.9379999638,4800
11.0389997959,4810
10.9590001106,4820
11.0160000324,4830
10.9620001316,4840
10.8039999008,4850
11.0629999638,4860
11.1940000057,4870
11.3199999332,4880
11.3439998627,4890
11.4489998817,4900
11.5809998512,4910
11.6730000973,4920
11.7190001011,4930
11.625,4940
11.506000042,4950
11.7669999599,4960
11.8129999638,4970
11.8139998913,4980
11.7850000858,4990
11.8680000305,5000
